4122.861855
4133.790291
4143.893413
4153.407025
4162.566931
4171.608934
4180.768840
4190.282452
4200.385574
4211.314010
4223.303564
4236.590041
4251.409244
4267.996977
4286.589044
4307.394478
4330.006554
4353.402792
4376.533937
4398.350738
4417.803942
4433.844296
4445.422547
4451.489442
4450.995729
4442.943266
4427.509474
4406.047337
4379.960952
4350.654414
4319.531818
4287.997259
4257.454834
4229.308638
4204.962767
4185.787859
4172.385072
4164.586077
4162.189091
4164.992330
4172.794010
4185.392347
4202.585558
4224.171859
4249.949466
4279.672675
4312.085593
4344.922138
4375.872311
4402.626110
4422.873532
4434.304577
4434.609242
4421.477527
4392.599430
4345.758966
4280.902558
4200.139028
4105.671221
3999.701980
3884.434145
3762.070562
3634.814071
3504.867516
3374.433740
3245.663065
3119.497847
2995.672475
2873.868819
2753.768749
2635.054133
2517.406841
2400.508741
2284.041705
2167.687600
2051.128296
1934.045662
1816.121568
1697.037883
1576.476476
1454.119217
1329.733027
1203.425033
1075.387417
945.812359
814.892039
682.818637
549.784334
415.981310
281.601744
146.837819